Time:0:0:75
8163
9060
9648
9879
9244
9098
9994
8483
8959
8817
8881
9791
9633
9316
9818
8584
8862
8877
9318
8790
8435
9528
8847
8500
8648
7689
9523
9247
7890
8707
9081
9087
9294
8019
9478
8746
8740
9468
10631
10018
9641
8140
9108
9855
9678
8683
9170
8219
8973
7951
8344
9766
8288
9244
9478
8870
10388
9647
8498
9278
9471
9958
8850
8820
8991
8136
8884
8853
8987
8508
8435
9166
8361
9386
7853
8976
8435
8754
8245
9226
8703
9604
9583
8435
8610
8090
8901
8727
8657
9558
10167
8243
8684
9281
8657
8581
9293
8485
8103
8470
8422
8377
9691
8301
9038
8893
8732
9928
8386
9217
10030
8578
7796
8473
8610
10144
8344
9929
8526
9152
8501
8889
8877
8373
8369
7472
10197
