Time:0:0:94
4056
3916
4054
3791
4166
3882
3892
3840
3948
3986
3874
4071
3970
4108
4020
3813
3989
3922
3895
3980
3979
3837
3814
3872
3977
3952
3887
3995
3685
3855
3924
3970
3985
3812
4201
3982
3980
4041
4024
3941
3894
3826
3942
4048
4165
4009
3946
3890
3913
3742
3847
3974
3767
3996
4069
4085
4070
4098
3915
3833
3992
3860
3977
3851
3962
4144
3975
3920
4031
4017
3806
3856
4050
3759
3835
3867
3926
3796
3955
4019
3833
3823
3684
4008
3899
3875
3856
3950
4154
4025
3782
3862
3884
3782
3985
3765
3970
3982
3891
3944
3867
3951
3943
4167
3804
4024
3881
3950
3893
4053
3927
3993
4078
3985
4287
4014
3975
3856
3790
3797
4218
3795
3992
3896
3873
3791
4063
