Time:0:0:66
9900
9347
9858
9186
9660
9636
10142
9078
9892
9502
9544
9591
9935
8768
9013
9752
9416
9825
9380
9704
8982
9337
10193
10552
9354
9771
9918
9440
9630
9069
9267
9600
8617
9936
9775
9649
9145
8972
10293
9417
10376
9327
10406
9487
9545
9762
9495
9807
10098
9453
10060
9301
9889
10108
8761
10071
9582
9931
9085
9375
10031
10409
9809
10499
9685
9159
10363
9896
10095
9636
9797
9471
9984
8862
9426
9964
9232
10204
10057
10178
9347
9711
10600
10256
10768
9593
9485
9491
9416
9636
9915
8825
9969
8722
9731
10182
9160
10106
10083
10263
9938
9675
9347
9300
9600
9375
10059
9788
10444
9608
9899
9800
10480
9776
10119
9329
9398
10293
9636
10123
8863
9533
9839
9608
9467
9358
9293
