Time:0:0:74
9422
9443
8824
8449
9800
8843
9383
9097
9038
9310
9330
9568
8144
9696
8386
8797
8458
8124
9489
9115
9198
8906
9282
8525
8358
8507
9450
8975
9113
8757
9263
9444
8814
9193
9343
8353
8531
8606
8940
9280
8832
9933
9149
9664
9512
8822
9341
9440
8939
8330
9993
8786
8380
9389
8910
9460
9658
8782
7940
9509
9167
8843
8715
9628
9142
8926
9229
9983
10529
9287
8779
9131
9742
10258
9249
8458
9839
8923
8843
9350
8936
8201
9108
9317
10031
9618
9522
8521
9440
9542
8724
8371
8047
9598
9440
8938
8922
9426
8132
8365
8763
8855
9656
8920
8913
9715
9949
9412
9169
9528
10057
8894
8599
8832
9370
9254
9451
9333
9095
9525
8358
9052
10281
9709
8863
9392
9722
