Time:0:0:73
9010
10815
9296
9670
8982
9251
8460
8744
11080
9257
10391
9704
9171
10723
9536
9495
9348
8922
9771
9191
10661
9010
8315
9830
10442
9489
9806
11760
10597
10102
10003
8017
9953
9413
8654
9897
9530
8945
9330
9800
8614
8567
9499
10610
9350
10332
8792
9775
10077
9676
9019
8126
9663
9763
9026
8591
8445
8237
9059
10096
9474
9265
9626
9218
10195
9129
9499
9559
8313
9413
9684
10300
9362
10496
9010
9182
10164
8587
9366
9685
9497
9899
10324
9250
10052
8417
10642
8757
8984
10083
9190
9024
10472
8986
8910
10252
9657
10295
9719
9256
9362
9413
9881
9756
10965
7744
9191
8868
9367
10407
8230
9472
9493
9414
9869
9222
9442
9081
9122
9890
9924
9050
9676
9830
9432
9257
9725
