Time:0:0:69
10422
10615
10024
10050
9040
9765
9028
10365
9453
10611
9763
9504
8523
9436
8973
9916
10115
9610
9658
9749
9196
9605
9721
10589
9975
11074
9487
10278
9694
9784
10853
10168
10479
10428
10071
8741
10239
10089
10223
9924
9567
10224
10478
8851
9799
11358
9401
11045
9564
11840
8733
10306
10970
10146
9721
10612
10590
9929
9905
10657
9679
9853
9439
9489
9857
9560
10164
9973
10661
10351
10832
9797
9719
10350
9388
10486
10544
10753
9218
9596
11159
10093
9433
9572
8579
10029
9916
10055
10741
10801
11268
10065
9394
9578
9917
8834
10167
11114
9177
11041
10560
9388
9652
10797
9690
11498
10451
9838
10190
9257
10073
8948
9386
9845
9992
10245
10053
10048
10339
8739
9946
9881
10141
10716
10182
9952
9808
