Time:0:0:73
10159
10443
8446
10118
9054
8096
9297
9744
10225
8998
9069
10758
9890
10442
10403
9641
7866
10810
10472
8758
8821
10767
10183
8714
9985
9963
8533
9944
8668
10348
10061
9197
9690
9502
8551
10403
9002
9908
9334
8678
10239
10002
8610
9018
9444
9320
8848
9168
10174
9467
8627
9738
9903
8654
10633
8246
9472
9671
8858
10062
9381
10524
10726
10372
8747
9194
10773
10546
9557
9875
9282
9991
9863
9877
9523
9083
9536
8464
10428
9979
10421
9143
8531
9467
10023
9602
9546
9321
10172
9659
8430
10502
8914
9274
10286
10881
9184
9672
9664
9400
8578
9080
9797
9185
8355
8732
9981
8532
10061
10160
8457
9362
10859
9211
9696
10735
8712
10649
8511
9969
9515
9446
11060
9024
9736
8487
8882
