Time:0:0:74
1958
1751
1853
1831
1838
1808
1950
1938
1971
1937
1765
1812
1829
1845
1882
1974
1772
1824
1947
1885
1884
1977
1874
1844
1904
1838
1728
1789
1911
1998
1802
1883
1914
1808
1800
1915
1857
1612
1744
1855
1959
1810
1743
1798
1796
1725
1729
1831
1811
1859
1835
1746
1916
1830
1980
1920
1917
1900
1890
1802
1827
1872
1874
1765
1795
1844
1780
1798
1793
1733
1835
1880
1789
1884
1921
1866
1891
1964
1830
1717
2053
1870
1794
1857
1871
1762
1849
1792
1717
1771
1782
1774
1927
1783
1788
2006
2004
1796
1834
1863
1807
1882
1720
1842
1873
1691
1802
1877
1940
1866
1836
1900
1721
1899
1877
1807
1799
1855
1772
1849
1882
1778
1914
1832
1930
1890
1944
1935
