Time:0:0:84
2425
2481
2427
2357
2477
2397
2410
2362
2342
2243
2361
2386
2400
2279
2353
2379
2328
2410
2369
2291
2363
2401
2349
2380
2326
2286
2278
2329
2375
2315
2274
2377
2547
2492
2289
2406
2427
2339
2439
2502
2475
2249
2277
2242
2372
2397
2513
2509
2391
2335
2414
2475
2355
2466
2496
2431
2417
2400
2510
2353
2421
2357
2404
2485
2307
2437
2317
2371
2449
2347
2446
2318
2369
2322
2361
2307
2460
2272
2370
2291
2405
2272
2361
2348
2409
2285
2497
2254
2335
2480
2428
2328
2345
2356
2507
2323
2418
2435
2471
2373
2438
2425
2252
2471
2357
2427
2285
2345
2289
2494
2328
2416
2308
2402
2382
2381
2498
2373
2291
2419
2405
2401
2421
2394
2435
2340
2296
2393
