Time:0:0:71
1414
1427
1359
1325
1336
1413
1449
1402
1331
1334
1370
1600
1456
1379
1434
1327
1403
1306
1430
1461
1423
1408
1475
1453
1381
1402
1450
1447
1455
1414
1383
1519
1372
1453
1353
1402
1431
1498
1455
1379
1345
1410
1398
1405
1562
1490
1667
1392
1412
1476
1405
1325
1387
1321
1393
1435
1397
1357
1393
1366
1480
1409
1351
1476
1442
1447
1360
1349
1428
1368
1506
1457
1355
1311
1580
1265
1510
1450
1479
1288
1450
1479
1501
1558
1566
1473
1554
1449
1305
1472
1371
1430
1444
1445
1499
1492
1436
1484
1321
1441
1496
1390
1458
1299
1461
1500
1365
1338
1265
1436
1418
1531
1350
1415
1464
1331
1380
1357
1441
1305
1350
1403
1347
1396
1379
1458
1395
