Time:0:0:80
2432
2463
2432
2380
2405
2376
2506
2393
2388
2334
2332
2240
2368
2478
2405
2300
2294
2228
2365
2393
2465
2394
2385
2370
2615
2331
2459
2510
2422
2468
2317
2367
2455
2330
2366
2370
2547
2429
2353
2312
2353
2292
2362
2439
2295
2647
2524
2338
2545
2369
2571
2373
2178
2400
2360
2336
2384
2396
2382
2403
2316
2371
2287
2339
2513
2463
2441
2265
2463
2519
2298
2373
2359
2553
2262
2546
2352
2444
2483
2468
2271
2381
2419
2359
2472
2562
2337
2492
2377
2388
2324
2420
2365
2248
2300
2364
2302
2425
2550
2319
2382
2344
2355
2563
2492
2472
2458
2451
2286
2457
2509
2365
2482
2326
2358
2449
2373
2376
2388
2388
2328
2432
2284
2358
2362
2625
2297
