Time:0:8:95
7038
7038
7038
7038
7038
7038
7038
7038
7038
7038
7038
7038
7038
7038
7038
7038
7038
7038
7038
7038
7038
7038
7038
7038
7038
7038
7038
7038
7038
7038
7038
7038
7038
7038
7038
7038
7038
7038
7038
7038
7038
7038
7038
7038
7038
7038
7038
7038
7038
7038
7038
7038
7038
7038
7038
7038
7038
7038
7038
7038
7038
7038
7038
7038
7038
7038
7038
7038
7038
7038
7038
7038
7038
7038
7038
7038
7038
7038
7038
7038
7038
7038
7038
7038
7038
7038
7038
7038
7038
7038
7038
7038
7038
7038
7038
7038
7038
7038
7038
7038
7038
7038
7038
7038
7038
7038
7038
7038
7038
7038
7038
7038
7038
7038
7038
7038
7038
7038
7038
7038
7038
7038
7038
7038
7038
7038
7038
7038
