Time:0:8:72
8366
8366
8366
8366
8366
8366
8366
8366
8366
8366
8366
8366
8366
8366
8366
8366
8366
8366
8366
8366
8366
8366
8366
8366
8366
8366
8366
8366
8366
8366
8366
8366
8366
8366
8366
8366
8366
8366
8366
8366
8366
8366
8366
8366
8366
8366
8424
8366
8366
8366
8366
8366
8366
8366
8366
8366
8366
8366
8366
8366
8366
8366
8366
8366
8366
8366
8366
8366
8366
8366
8366
8366
8366
8366
8366
8366
8366
8366
8366
8366
8366
8366
8366
8366
8366
8366
8366
8366
8536
8366
8366
8366
8366
8366
8366
8366
8366
8366
8366
8366
8477
8366
8366
8366
8366
8366
8366
8366
8366
8366
8366
8366
8366
8366
8366
8366
8366
8366
8366
8366
8366
8366
8366
8366
8366
8366
8366
8366
