Time:0:17:879
3277
3277
3277
3277
3277
3277
3277
3277
3277
3277
3277
3277
3277
3277
3277
3277
3277
3277
3277
3277
3277
3277
3277
3277
3277
3277
3277
3277
3277
3277
3277
3277
3277
3277
3277
3277
3277
3277
3277
3277
3277
3277
3277
3277
3277
3277
3277
3277
3277
3277
3277
3277
3277
3277
3277
3277
3277
3277
3277
3277
3277
3277
3277
3277
3277
3277
3277
3277
3277
3277
3277
3277
3277
3277
3277
3277
3277
3277
3277
3277
3277
3277
3277
3277
3277
3277
3277
3277
3277
3277
3277
3277
3277
3277
3277
3277
3277
3277
3277
3277
3277
3277
3277
3277
3277
3277
3277
3277
3277
3277
3277
3277
3277
3277
3277
3277
3277
3277
3277
3277
3277
3277
3277
3277
3277
3277
3277
3277
