Time:0:8:130
7166
7166
7166
7166
7166
7166
7166
7166
7166
7166
7166
7166
7166
7166
7166
7166
7166
7166
7166
7166
7166
7166
7166
7166
7166
7166
7166
7166
7166
7166
7166
7166
7166
7166
7166
7166
7166
7166
7166
7166
7166
7166
7166
7166
7166
7166
7166
7166
7166
7166
7166
7166
7166
7166
7166
7166
7166
7166
7166
7166
7166
7166
7166
7166
7166
7166
7166
7166
7166
7166
7166
7166
7166
7166
7166
7166
7166
7166
7166
7166
7166
7166
7166
7166
7166
7166
7166
7166
7166
7166
7166
7166
7166
7166
7166
7166
7166
7166
7166
7166
7166
7166
7166
7166
7166
7166
7166
7166
7166
7166
7166
7166
7166
7166
7166
7166
7166
7166
7166
7166
7166
7166
7166
7166
7166
7166
7166
7166
