Time:0:8:169
7312
7312
7312
7312
7312
7312
7312
7312
7312
7312
7312
7312
7312
7312
7312
7312
7312
7312
7312
7312
7312
7312
7312
7312
7312
7312
7312
7312
7312
7312
7312
7312
7312
7312
7312
7312
7312
7312
7312
7312
7312
7312
7312
7312
7312
7312
7312
7312
7312
7312
7312
7312
7312
7312
7312
7312
7312
7312
7312
7312
7312
7312
7312
7312
7312
7312
7312
7312
7312
7312
7312
7312
7312
7312
7312
7312
7312
7312
7312
7312
7312
7312
7312
7312
7312
7312
7312
7312
7312
7312
7312
7312
7312
7312
7312
7312
7312
7312
7312
7312
7312
7312
7312
7312
7312
7312
7312
7312
7312
7312
7312
7312
7312
7312
7312
7312
7312
7312
7312
7312
7312
7312
7312
7312
7312
7312
7312
7312
