Time:0:8:74
8003
8003
8003
8003
8003
8003
8003
8003
8003
8003
8003
8003
8003
8003
8003
8003
8003
8003
8003
8003
8003
8003
8003
8003
8003
8003
8003
8003
8003
8003
8003
8003
8003
8003
8003
8003
8003
8003
8003
8003
8003
8003
8003
8003
8003
8003
8003
8003
8003
8003
8003
8003
8003
8003
8003
8003
8003
8003
8003
8003
8003
8003
8003
8003
8003
8003
8003
8003
8003
8003
8003
8003
8003
8003
8003
8003
8003
8003
8003
8003
8003
8003
8003
8003
8003
8003
8003
8003
8003
8003
8003
8003
8003
8003
8003
8003
8003
8003
8003
8003
8003
8003
8003
8003
8003
8003
8003
8003
8003
8003
8003
8003
8003
8003
8003
8003
8003
8003
8003
8003
8003
8003
8003
8003
8003
8003
8003
8003
