Time:0:8:118
7720
7720
7720
7720
7720
7727
7720
7720
7720
7720
7720
7738
7720
7738
7720
7720
7727
7727
7720
7720
7720
7720
7720
7720
7738
7720
7738
7720
7720
7727
7720
7720
7738
7720
7720
7720
7720
7720
7720
7720
7720
7720
7738
7749
7749
7720
7749
7738
7720
7720
7749
7720
7727
7847
7749
7720
7720
7720
7720
7720
7720
7738
7720
7720
7720
7738
7738
7720
7738
7749
7749
7720
7720
7720
7720
7727
7720
7767
7720
7720
7720
7720
7720
7738
7720
7720
7720
7720
7720
7720
7720
7720
7720
7720
7749
7720
7727
7738
7720
7738
7720
7738
7727
7720
7720
7720
7720
7720
7720
7738
7720
7720
7749
7727
7720
7727
7720
7720
7738
7749
7749
7720
7720
7738
7738
7720
7738
7720
