Time:0:8:975
1448
1444
1442
1431
1431
1438
1431
1431
1450
1450
1436
1447
1431
1450
1446
1431
1438
1432
1431
1445
1440
1452
1438
1453
1433
1431
1431
1438
1467
1431
1431
1451
1436
1431
1436
1452
1431
1431
1440
1439
1431
1437
1435
1431
1439
1432
1431
1438
1431
1441
1438
1453
1441
1434
1440
1454
1456
1431
1431
1431
1443
1441
1441
1431
1443
1432
1441
1445
1447
1437
1432
1435
1440
1437
1453
1438
1431
1440
1449
1431
1464
1445
1456
1443
1446
1434
1457
1438
1441
1451
1431
1442
1445
1431
1462
1431
1441
1442
1431
1453
1431
1431
1460
1431
1442
1431
1438
1456
1435
1442
1440
1432
1441
1451
1431
1445
1465
1441
1438
1431
1471
1465
1440
1442
1431
1444
1440
