Time:0:10:395
1902
1909
1909
1909
1911
1911
1914
1915
1916
1917
1918
1919
1919
1920
1922
1922
1922
1922
1924
1924
1924
1925
1925
1925
1926
1927
1927
1927
1928
1928
1929
1929
1930
1930
1931
1931
1932
1932
1932
1932
1933
1933
1934
1934
1935
1935
1935
1935
1935
1936
1936
1936
1937
1938
1938
1938
1939
1940
1940
1940
1941
1941
1941
1941
1941
1942
1942
1942
1942
1942
1942
1942
1944
1944
1945
1945
1945
1945
1945
1946
1946
1946
1946
1946
1946
1947
1947
1947
1947
1948
1948
1948
1949
1949
1949
1949
1949
1949
1950
1950
1950
1951
1951
1951
1951
1951
1952
1952
1952
1952
1953
1953
1953
1954
1954
1956
1956
1956
1956
1958
1959
1959
1960
1962
1964
1965
1975
1976
