Time:0:4:137
7038
7038
7038
7038
7038
7175
7038
7038
7472
7372
7038
7038
7038
7038
7038
7038
7038
7038
7038
7038
7038
7038
7038
7057
7038
7038
7038
7038
7038
7038
7057
7038
7057
7038
7038
7038
7038
7038
7057
7038
7038
7038
7038
7038
7057
7038
7038
7038
7038
7038
7038
7038
7038
7038
7038
7038
7038
7038
7038
7038
7038
7038
7038
7038
7038
7038
7038
7175
7038
7038
7038
7038
7689
7038
7057
7038
7057
7038
7119
7038
7038
7038
7038
7175
7038
7038
7038
7038
7038
7038
7038
7038
7038
7038
7038
7057
7038
7038
7038
7689
7038
7038
7038
7038
7038
7685
7038
7038
7038
7057
7038
7038
7038
7057
7038
7038
7472
7038
7038
7038
7689
7057
7119
7038
7038
7038
7119
