Time:0:4:235
8617
8530
8477
8457
8841
8655
8711
8473
8366
8457
8564
8457
8477
8424
8477
8896
8617
8424
8617
8366
8655
8477
8617
8366
8617
8919
8457
8617
8457
8473
8554
8617
8655
8536
8841
8457
8457
8737
8617
8560
8530
8919
8536
8530
8420
8865
8617
8457
8728
8366
8366
8711
8617
8655
8564
8655
8477
8655
8617
8737
8627
8655
8530
8366
8424
8655
8708
8457
8420
8564
8708
8728
8457
8479
8366
8479
9014
8530
8617
8564
8896
8896
8959
8617
8424
8617
8457
8774
8896
8935
8617
8742
8627
8617
8655
8617
8896
8457
8477
8564
8627
8627
8865
8479
8627
8655
8655
8896
8655
8424
8473
8477
8627
8617
8848
9046
8479
8473
8655
9014
8473
8774
8617
8366
8473
8366
9014
8848
