Time:0:15:962
3370
3370
3365
3390
3366
3370
3376
3370
3394
3394
3434
3370
3343
3363
3314
3300
3370
3447
3333
3381
3347
3318
3370
3304
3347
3359
3368
3343
3370
3376
3288
3370
3294
3374
3337
3369
3312
3347
3394
3390
3326
3399
3280
3317
3300
3321
3339
3370
3284
3313
3377
3352
3368
3368
3343
3394
3339
3317
3343
3359
3308
3365
3327
3366
3370
3310
3285
3376
3396
3362
3367
3370
3300
3370
3369
3362
3334
3347
3325
3369
3288
3384
3359
3343
3344
3394
3370
3317
3289
3309
3362
3317
3331
3337
3365
3367
3370
3370
3343
3295
3361
3390
3339
3366
3304
3339
3299
3310
3394
3366
3402
3361
3332
3350
3284
3439
3359
3439
3321
3332
3321
3339
3351
3366
3350
3370
3389
3413
