Time:0:4:266
7166
7376
7376
7376
7730
7166
7385
7940
7376
7385
7376
7166
7376
7572
7166
7376
7376
7166
7376
7376
7376
7376
7376
7376
7376
7166
7376
7376
7385
7596
7381
7973
7376
7376
7940
7376
7166
7166
7376
7730
7376
7376
7794
7166
7638
7166
7376
7376
7376
7940
7385
7376
7381
7166
7376
7572
7376
7166
7376
7376
7290
7940
7572
7376
7376
7166
7596
7794
7940
7376
7376
7376
7376
7730
7376
7376
7376
7376
7940
7166
7376
7385
7940
7940
7385
7376
7166
7376
7166
7166
7166
7166
7794
7376
7166
7410
7166
7376
7385
7166
7376
7166
7376
7502
7290
7166
7376
7376
7376
7730
7376
8202
7166
7376
7385
7376
7973
7376
7940
7166
7376
7166
8202
7166
7166
7166
7376
