Time:0:4:310
7443
7725
7725
7590
7543
8126
7531
8567
7543
7531
7710
7725
7725
7594
7399
7422
7543
7594
7725
7725
7543
7399
7725
7399
7543
7399
8126
7443
7725
7443
7725
7725
7399
7503
7543
7400
7590
7400
7590
7621
8126
7400
7460
7725
8126
8126
7399
7459
7422
7422
7422
7543
8126
7506
7399
7611
7901
7543
7366
7443
7531
7482
8126
7725
8126
7543
7725
7590
7531
7725
7558
7710
7725
7531
8126
7531
8126
7531
7725
7543
7400
7400
7399
7531
7400
7590
7543
7531
7531
7506
7400
7459
7725
7594
8126
7399
7590
8567
7400
7503
7483
7366
7543
7725
8126
7459
7400
7543
7543
7901
7575
7543
7725
7710
7400
7399
7725
7611
7503
7514
8126
7422
7531
7460
7543
7460
7725
7543
