Time:0:4:212
8423
8003
8085
8423
8003
8423
8423
8423
8003
8423
8423
8003
8423
8003
8423
8423
8611
8423
8423
8003
8423
8003
8426
8423
8423
8423
8423
8129
8003
8423
8423
8423
8423
8129
8611
8129
8064
8442
8426
8611
8423
8423
8003
8423
8423
8003
8129
8423
8423
8423
8423
8423
8003
8423
8003
8003
8423
8008
8611
8426
8423
8129
8003
8003
8003
8003
8003
8003
8003
8003
8003
8423
8423
8423
8423
8003
8423
9487
8423
8423
8129
8003
8423
8003
8423
8423
8008
8003
8129
8003
8085
8479
8423
8423
8423
8423
8003
8426
8423
8129
8003
8129
8003
8423
8423
8064
8129
8423
8423
8129
8003
8423
8129
8423
8423
8008
8003
8003
8423
8423
8129
8423
8003
8423
8003
8423
8423
