Time:0:4:231
7750
7884
7835
7779
7779
7749
7835
7720
7720
7832
8039
7832
7862
7835
7942
8076
7821
7768
7862
7865
7835
7884
7821
7843
7767
7865
7843
7749
8039
7835
7767
8066
7832
8013
7835
7821
7767
7862
7821
7738
7835
8047
7832
7862
7835
7832
7821
7825
7862
7821
7942
7821
7843
8076
7821
7835
7767
7835
7749
7895
7835
7966
7862
8368
7862
7835
7832
7835
7768
7835
7843
7786
7821
8076
7865
7884
7942
8039
7779
8049
7835
8213
7821
7843
8047
7828
7862
8039
7821
7749
7835
7942
7865
7843
7821
8368
7797
7821
7779
7833
7720
8047
8039
7825
8076
7835
7865
7835
7832
7768
7832
7768
7865
8039
7862
8013
7862
7825
7749
7843
7767
7843
7767
7868
7738
7767
7767
7835
