Time:0:6:958
1497
1473
1529
1539
1477
1527
1473
1581
1523
1503
1539
1532
1529
1480
1611
1486
1491
1540
1488
1517
1484
1556
1490
1510
1479
1501
1491
1488
1487
1506
1497
1576
1538
1507
1495
1477
1519
1531
1552
1499
1500
1524
1502
1469
1475
1484
1510
1550
1529
1562
1536
1545
1456
1514
1554
1499
1541
1542
1506
1474
1483
1515
1481
1469
1533
1494
1498
1504
1542
1550
1488
1493
1536
1509
1506
1509
1469
1550
1512
1467
1472
1472
1541
1603
1440
1534
1588
1594
1486
1542
1519
1509
1603
1555
1475
1509
1558
1465
1528
1505
1475
1471
1517
1558
1539
1501
1524
1478
1484
1487
1484
1472
1513
1564
1551
1472
1558
1527
1506
1555
1486
1493
1511
1512
1482
1500
1489
