Time:0:9:572
2049
2031
2038
2019
2090
2024
2053
2075
1989
2088
2060
2070
2056
2043
2016
2042
2036
2025
2072
2069
2054
2069
2018
2000
2055
1961
2050
2050
1982
2090
2043
2075
2031
2052
2013
2000
2050
2046
1997
2049
1982
2002
2038
2003
1998
2025
2012
1992
2031
2016
2117
2072
2008
1994
2072
2006
2014
2069
2090
2033
2000
2050
2061
2006
2041
2030
2087
2038
2039
2113
2055
2054
2077
2095
2069
1993
2006
2041
2060
2009
2027
2148
1981
1977
2056
2019
2037
2005
2024
2054
2008
1973
2033
2037
2137
2058
2014
2076
2046
2069
1996
2037
2045
2067
2002
2016
2037
2050
2049
2088
2056
2009
2050
2121
2049
2054
2166
2065
1982
2054
2007
2017
2093
2033
2061
2023
2063
2012
