Time:0:5:268
1145
1124
1133
1134
1130
1122
1134
1117
1133
1133
1111
1133
1124
1117
1123
1154
1130
1133
1119
1117
1129
1133
1130
1151
1114
1133
1121
1134
1116
1117
1141
1117
1138
1145
1130
1157
1133
1111
1128
1148
1125
1116
1133
1133
1203
1121
1111
1111
1116
1150
1133
1121
1138
1151
1155
1112
1145
1141
1145
1171
1113
1133
1145
1133
1167
1111
1140
1129
1154
1138
1114
1127
1151
1151
1114
1137
1151
1126
1201
1121
1111
1117
1156
1114
1111
1164
1133
1126
1111
1145
1133
1133
1119
1111
1117
1116
1158
1113
1157
1133
1133
1133
1133
1137
1133
1151
1154
1116
1171
1153
1114
1129
1133
1151
1145
1185
1114
1164
1133
1169
1130
1138
1133
1133
1135
1121
1116
1111
