Time:0:9:479
1994
1951
2012
1979
2012
1967
2024
2036
2055
2006
1987
2024
1999
2013
1988
2019
1986
2002
1990
2042
1962
2053
1984
2023
2015
2018
1991
1979
2029
2003
2055
2020
2001
1990
1993
1962
2071
2032
1981
2030
2003
2028
2023
1981
2004
1943
2012
2053
1988
2080
1999
2047
2026
1983
2013
2014
2040
2079
2050
2019
1991
2058
1977
2016
2068
1961
2028
2014
2008
1990
2082
1976
1977
2053
2039
1932
2019
2027
1988
2067
1987
2031
1999
1991
1957
2066
1948
2021
1997
2032
1972
2014
2070
1984
2027
2014
1975
2066
2006
1979
1971
2023
2047
2012
2061
2046
2034
2004
2029
1966
1979
1998
1990
2010
1973
1986
1983
2027
2010
2018
2001
2006
2050
1956
1978
1993
1984
2030
